<?xml version="1.0"?>
<opencv_storage>
<Intrinsic type_id="opencv-matrix">
  <rows>3</rows>
  <cols>3</cols>
  <dt>d</dt>
  <data>
    2.5459195726718876e+03 0. 1.2880178224469312e+03 0.
    2.5465866883024742e+03 9.8741061573554987e+02 0. 0. 1.</data></Intrinsic>
<Distortion type_id="opencv-matrix">
  <rows>1</rows>
  <cols>5</cols>
  <dt>d</dt>
  <data>
    8.9646211467074022e-02 -2.5885849229689412e-01
    -5.4366027541517370e-04 -2.3895132622501251e-03
    9.5493945893938281e-02</data></Distortion>
<BoardWidth>8</BoardWidth>
<BoardHeight>6</BoardHeight>
</opencv_storage>
